2266,96335,1
3641,2220,0
3876,83452,1
64424,6118,1
352,2334,0
12792,14386,0
6925,129250,1
19251,59184,1
19479,57503,0
1043,3165,0
18934,135642,0
57951,98543,1
3110,73814,1
794,92753,0
112,314,0
253,79878,0
220,229,1
456,8180,0
18943,3871,1
12299,1181,1
50233,780,0
806,112,1
13874,2708,1
11047,202,1
5385,6244,1
21694,50403,0
50551,1369,0
30631,32607,1
38405,6095,1
7115,4457,0
24303,3117,1
25438,14219,0
2535,343,0
41689,5658,0
4420,1488,1
1742,6353,0
314,2329,1
55567,55557,1
5171,568,0
67989,6552,0
24497,69006,1
74222,3092,0
8522,985,0
36494,3471,1
74753,6174,1
61816,117234,0
878,53337,0
7801,12678,1
24677,1788,1
52003,23262,0
13998,1479,0
4616,22561,1
140,128890,1
17120,10996,1
20466,73,0
33718,8791,1
4548,25836,0
2326,22648,1
25002,5729,0
351,7316,1
58666,112,1
6878,10598,1
4594,11884,0
13761,129938,1
3177,68739,1
12029,8468,1
13065,20106,0
6968,1817,1
20572,10311,1
3761,120338,1
47624,114696,1
12033,97,0
986,6367,1
5191,38885,1
456,13931,1
1160,3474,1
38046,15430,1
37132,26950,0
32623,15430,0
219,5023,0
5678,37053,1
605,1088,1
23895,8975,0
474,7032,1
6088,6092,1
80602,2922,1
29448,130868,0
31476,53863,1
16660,133788,0
2528,64521,1
904,8470,0
8359,59040,0
25755,18258,0
48413,53858,0
3871,33145,1
25687,4140,1
6155,29204,0
5702,18258,1
43317,9063,1
20099,10208,1
40900,2200,1
3203,82040,1
1668,4874,0
380,1635,0
3429,1893,1
3272,80862,1
28432,3661,0
3478,864,1
33740,41420,1
17878,766,0
3258,25158,0
112,14269,1
4547,122109,1
14807,127803,1
5584,115071,1
9300,18777,1
28472,109109,1
2835,1230,1
49603,19546,0
27996,448,0
1311,3577,1
2657,6353,0
31909,1725,1
2080,5723,0
20038,84408,1
35190,5944,0
123526,80105,1
1709,7021,1
24672,39953,1
5482,2912,1
1742,27473,1
220,25516,0
29082,8470,1
37198,11421,1
4317,303,0
1902,84089,1
82772,6300,1
988,2449,1
6231,94084,1
18328,10942,0
8383,23923,0
4383,6195,0
314,1487,0
599,273,0
3440,18723,1
6480,2167,0
2693,1403,1
18160,771,0
10153,6467,1
54061,15222,0
24548,35143,0
6858,1687,0
8355,32515,0
5258,3115,1
52573,69004,1
16607,119474,1
8839,3709,0
5668,61306,1
6948,1276,1
53364,40903,1
219,2080,1
3113,107097,1
48058,27310,1
835,3679,0
2835,456,1
4922,6823,1
6534,2545,1
3198,4932,1
16303,20244,0
97,631,0
335,8414,1
10307,4788,0
14621,3661,0
3477,49,1
24669,10349,1
11046,17855,1
54737,6992,1
39991,23744,0
138086,40408,0
18488,1732,0
2673,42238,1
12937,21610,1
3049,13775,1
29688,23907,1
2780,8208,0
54761,3443,1
1544,3529,0
13050,3826,1
6237,51861,1
24979,112,0
12707,4828,1
219,313,0
670,765,1
45428,97145,0
82795,31331,1
3737,5061,1
3049,55310,1
10851,32567,0
64578,29068,0
18205,28441,1
23874,561,1
6691,4171,1
6450,1467,1
9623,618,1
1176,7620,1
131,49415,0
44,365,1
24292,24551,1
1635,102287,1
95,4425,0
17824,8256,1
2173,128682,0
47952,2101,0
3010,122236,1
18089,28887,1
29842,101188,1
71564,60780,1
20796,149,0
7345,4379,0
10947,107083,1
448,42872,1
8003,429,1
18744,12399,0
60999,59551,0
33448,19613,1
35491,12936,1
14289,5544,1
2244,24344,0
68371,4922,1
53887,420,0
37066,17255,1
44961,667,1
17238,131825,0
19791,116560,1
43553,133742,1
2036,41920,1
2331,16572,0
12425,34432,1
62119,137575,0
4379,2168,0
14191,93958,0
4805,102962,0
2089,4265,1
3071,62885,1
2988,137916,0
19773,48539,0
17194,1126,0
61854,7065,0
59411,387,0
24568,18673,1
97,22496,1
2658,38157,1
6601,1654,1
5762,61232,0
29019,2018,0
74801,568,1
32993,50426,1
670,72827,0
5148,53384,1
23704,4501,1
28789,49726,0
8165,88494,1
25733,3134,1
12995,3135,1
613,23262,0
25438,401,1
98769,315,1
1816,9544,1
112707,4752,0
7021,147,0
6549,3265,1
39044,3117,0
1604,999,0
11664,98884,1
564,6551,0
3777,2567,1
17435,32,1
29770,6004,0
3058,44398,1
2541,7792,1
33372,18813,0
64242,15902,0
136720,2082,1
112,84743,0
18796,39093,1
124105,905,0
33346,26943,0
12619,59117,0
3463,303,0
9743,5627,1
3874,12678,1
6226,8338,1
1658,2419,0
15114,97,0
66573,1366,1
6467,57014,1
46199,89192,1
9860,51105,0
3531,13655,0
69352,13767,0
49335,2342,0
2575,3045,1
6895,10449,0
797,125171,0
2435,129856,0
47160,47175,1
33951,33955,0
10730,2707,1
7625,76081,0
12678,6782,1
35512,35515,0
36643,36641,1
222,16058,1
13877,3573,0
821,18741,0
33648,49834,1
109010,934,0
25206,31414,1
17859,16810,0
3855,4208,0
50013,1433,1
5728,9392,0
25207,35915,0
17401,87205,0
451,112,0
54539,18750,1
18370,4551,0
9695,22130,0
10356,20124,0
54160,37301,0
2403,8403,0
7054,7052,0
8863,14286,0
45554,923,0
68021,29021,1
3250,2574,0
3938,3198,1
199,7693,1
431,94024,1
7755,13010,1
2471,6190,1
49162,671,1
1961,5428,1
12928,12936,0
41774,5913,0
219,2727,0
93450,1596,0
20089,50990,0
5544,16644,1
9077,3577,1
6103,15836,0
448,79912,1
37156,2585,0
4556,12777,1
929,5468,1
61850,401,1
1931,608,1
608,24646,0
8188,8186,0
13,107745,1
2789,1176,1
65905,112794,1
8544,6994,0
8608,20028,1
3939,69483,0
481,89444,1
57777,6333,0
136,22737,0
38883,7206,0
7162,67440,1
76854,1585,0
15265,133544,0
1713,13656,0
73458,2217,1
1488,125657,1
44777,21910,0
28800,7930,0
17445,38964,0
2156,417,0
11189,74168,0
3958,80840,0
10760,804,1
3478,58523,1
5327,11013,0
220,2334,0
26434,113294,0
2167,121457,0
19304,33365,0
13701,800,0
1845,574,0
13696,35469,1
17619,6838,1
404,7754,1
135620,10419,0
45010,79638,1
35272,15117,0
13440,8253,1
13108,103005,1
1392,2656,1
1359,1265,1
456,9867,0
3135,5892,1
16905,82869,0
3778,608,1
32074,8470,1
3435,4837,1
349,12433,0
9182,1817,1
51665,112,0
4618,66658,0
12962,7541,1
43443,57006,0
44816,2575,1
13821,13824,0
15029,5334,0
740,16605,1
48037,2617,1
3939,11034,1
380,5189,1
16066,93891,1
29159,98883,1
59995,66855,0
34881,98587,0
905,137899,0
24099,67120,1
28468,812,0
11190,127084,0
43169,43170,0
20949,61221,0
13396,9469,0
5092,6155,1
1604,33929,0
864,4380,1
37099,37131,0
1974,90098,1
13256,895,0
10284,10292,0
2466,79887,1
17855,5388,1
828,109518,1
60980,8220,0
110190,431,0
46319,10793,0
10094,112,0
855,34794,1
13726,1060,1
9730,79309,0
43199,863,1
399,312,1
8895,1249,0
17,44867,0
374,80386,1
40096,133203,1
5372,29000,0
375,29677,1
5258,17953,0
55530,42432,0
5108,406,1
967,811,0
98636,4994,0
100383,12632,0
3956,106714,1
7482,52824,1
2229,14811,0
977,36760,1
106979,7307,0
42131,378,0
118160,5533,0
904,70378,0
963,112,0
195,2431,0
9324,11034,1
992,1184,0
65853,5578,1
24209,1211,1
29111,4821,0
7906,19376,0
983,15846,0
687,506,0
6868,27316,0
96876,96877,1
30629,2730,0
33300,33305,1
4443,11603,1
112,40696,0
8268,84697,0
15191,561,1
24426,24416,1
37848,92194,0
2331,35719,1
253,73497,1
1304,471,1
32685,97465,1
15124,45761,1
3421,9233,1
1895,81473,0
78717,42147,0
58596,59036,0
4751,2441,0
5442,855,0
66127,15430,0
8506,4734,0
48728,58976,1
27733,117577,1
1663,117930,0
10729,5953,0
30572,21999,0
9908,956,0
7821,93726,1
5782,6326,1
8756,3033,1
987,451,0
15136,411,1
7423,4111,1
17962,7581,0
26878,1319,0
69775,41331,0
32746,4255,1
31127,3022,0
11190,12481,1
4547,2336,1
220,413,0
23399,6326,1
38182,26476,1
44583,1746,0
1759,3487,1
10725,6994,1
308,5582,1
13676,11096,1
1816,134321,0
112,8266,0
19364,1956,1
1397,26666,1
19082,133806,0
8190,2543,1
39038,3758,0
5473,30012,1
22711,18138,1
3239,104185,0
97,229,1
54229,118433,0
3799,5889,0
50233,19183,1
62950,88272,0
17860,411,1
226,6884,1
11320,7224,1
14122,14097,0
1726,25275,1
40224,46691,1
68233,1488,1
101680,11198,1
391,569,0
9730,130525,0
62652,1051,1
46357,25570,0
11418,14219,0
26821,2027,0
21117,84539,1
9208,112493,0
7203,2264,1
253,9128,1
2658,4555,1
59275,109546,0
2703,44679,0
112,119741,0
53364,19433,1
4308,5089,0
9498,8180,1
22118,2301,0
14706,11580,0
2658,3015,1
450,9520,0
5579,3532,1
1046,3421,1
30381,80697,1
60159,133,0
1677,15776,1
15486,1210,0
9525,29016,0
9549,28326,1
21992,465,0
2342,1725,0
18777,343,0
31657,13330,0
5882,7533,1
8819,4108,1
6792,22785,0
112,8165,1
95,9139,1
855,64858,0
20328,8833,0
32960,5769,1
314,3042,1
11556,13582,1
1176,112,0
8544,8541,1
6280,45695,0
5578,5560,1
314,979,0
10419,432,0
30975,10502,1
1614,34991,0
51548,52209,1
36979,465,1
3020,1176,0
1316,10002,0
24561,24563,0
105438,23008,0
27439,197,1
45944,45937,1
60270,18930,0
10706,47606,0
7303,63639,1
23119,135559,1
4557,83913,1
2676,3022,0
19680,15238,1
41979,6136,0
10451,10472,1
6589,33098,0
19680,38344,1
18611,85754,0
19019,308,0
34562,14250,0
401,3021,0
5617,108702,1
30098,5724,1
1428,314,1
2481,7624,0
387,33870,1
29587,1677,0
2731,8359,0
50121,56388,1
3265,13682,0
30347,2964,0
94927,7627,0
18338,130752,0
91955,3577,1
855,5097,0
1737,63523,0
112,1635,1
10548,30,0
6004,4618,1
39927,904,0
14720,6299,1
25506,6157,1
63172,112,1
1279,5380,0
27583,67405,1
32471,17521,1
2535,97526,0
22232,135156,1
1989,4828,0
34072,44154,0
15323,140,1
55325,2780,1
6089,6602,0
25015,44736,0
15314,6495,0
84265,58005,1
615,12826,1
15225,2975,1
13656,1978,1
2528,117296,0
7616,6948,0
7624,5706,0
2919,6749,0
17963,59764,1
380,72565,1
65113,13582,0
6604,77553,1
438,24240,0
21174,25514,0
21995,5817,1
494,890,1
670,96345,1
305,45942,1
6994,1687,1
95459,9352,0
17621,69665,1
5908,10751,0
615,2964,1
35056,54842,0
8165,123251,1
22548,6589,0
46572,1219,0
11735,1956,0
1938,1612,0
11202,3391,0
4443,15836,0
5191,2831,0
8681,131,1
2956,8545,0
4565,2259,0
6404,2410,1
20347,2780,0
29945,15250,1
5602,803,1
10721,2948,0
7617,6353,0
121,3677,0
49104,1652,0
401,16688,0
1953,20836,1
64274,4676,0
1794,31652,1
373,1390,0
39656,2727,1
25931,42054,1
20331,6118,1
864,897,0
14488,27098,1
1051,13687,0
22378,9419,1
6513,111947,0
19388,401,0
15606,2579,1
24373,1977,1
47493,2888,1
414,89760,0
1467,407,0
20887,82888,0
11308,53109,1
6703,86,1
1765,2096,1
3104,90436,1
86,11603,1
1176,2730,1
20506,27467,0
62884,52155,1
3250,5433,1
21948,4181,1
112,1328,1
67048,77894,1
7743,502,1
13008,26003,1
308,39334,1
44076,2036,1
342,37360,0
383,53429,0
1548,45615,1
3904,12614,1
30134,3021,1
5023,27826,0
8548,26928,1
374,90472,1
10975,448,0
14571,18739,0
8373,13214,1
44,79041,0
23150,6969,1
41807,1691,0
12469,48631,0
419,2975,0
5454,68421,0
2403,1309,1
57949,10974,0
2919,561,0
24999,2585,0
14431,12608,1
131,34422,1
12106,4679,0
8181,33670,0
61856,36144,1
1998,13925,1
208,13656,1
87,399,0
48990,12185,0
20538,5837,1
625,17314,0
8396,30307,0
8121,103826,1
25673,52798,0
25444,5032,0
10502,114901,0
8274,11637,1
49074,4596,0
8957,101729,1
1839,33162,0
51058,7909,1
4847,3944,0
8961,194,0
20509,3367,0
406,22138,0
15076,810,1
44243,1973,0
33606,21785,0
32685,6794,1
27412,39334,0
13604,43630,1
33975,46673,1
11096,14095,1
5032,10583,0
31652,25960,0
993,60493,1
11664,5965,1
14092,2975,1
5075,2541,0
35840,42071,0
56987,23416,0
29959,40942,1
24979,24988,1
3461,17098,0
8598,17314,0
18065,115487,1
15957,53098,0
3479,5245,1
9094,135736,0
16574,16568,0
3239,1234,1
12373,3423,0
11744,49546,1
50146,314,0
4022,1237,0
11310,8165,1
7518,6326,0
253,36854,1
5804,6480,0
112,8121,0
7605,8374,0
765,4756,1
6117,4291,1
28685,222,1
17547,9130,1
19521,116241,1
23010,5986,0
6604,506,1
18186,828,0
22119,55202,0
2479,2927,1
50,29127,0
5105,14286,1
5064,50304,1
687,26414,0
3334,1607,1
6235,780,0
2707,3367,1
58187,863,0
3811,77213,0
47754,89389,0
765,632,0
171,387,1
119589,100572,1
4756,54797,0
76785,20850,0
169,35361,1
34261,77937,1
8833,3464,1
39704,6119,0
4704,4524,1
53593,24209,0
16717,9641,0
1938,3329,0
5642,8310,1
54134,3312,1
6480,10349,1
45980,1609,0
29532,3048,0
6513,2737,1
58568,53629,1
35950,20682,0
31131,1176,0
3443,62782,1
2880,131692,1
3020,18242,0
37128,121849,0
32331,1176,0
131,2102,1
3048,2792,0
1732,18065,0
89943,38448,1
22610,4609,0
71927,2731,1
2869,9766,1
3898,41,0
605,414,1
5480,125903,1
22760,6897,0
2685,1713,1
6461,18961,1
35709,78863,0
835,7755,0
432,621,0
51113,569,1
9952,14477,0
37332,2339,0
83519,379,1
4618,135672,0
20099,29763,1
42500,13668,1
350,80992,1
2102,670,0
31453,133367,1
4092,5706,0
77848,6336,1
7301,59187,1
376,5408,0
93464,18325,0
3061,2079,0
5817,91429,0
11804,13908,1
31627,15212,0
18227,7616,0
8527,2735,1
2942,39478,0
5191,7792,1
24339,33929,0
14312,117928,1
6690,13886,0
323,109117,1
18246,1126,1
7357,55174,1
381,73808,0
1931,108588,1
31738,9116,0
24872,12185,0
61953,4541,1
2812,1788,1
19305,21365,1
27409,131409,1
64630,680,1
55950,52012,0
29677,925,0
2079,5245,0
21113,2919,1
4471,1618,0
6233,109530,1
35488,8018,1
23398,40085,1
2975,2802,1
8696,6136,0
13682,115831,1
35255,22940,1
16531,2475,0
27796,32863,0
53674,3970,0
3124,940,1
1977,2977,0
18763,15430,1
9432,97849,1
2927,1366,1
8669,6467,0
50,765,0
10398,20326,0
10583,6156,0
8045,2102,0
117111,97,0
5402,5382,0
13714,21164,1
86,32992,1
5757,60951,0
28461,5428,0
10529,5544,1
13783,13598,1
10697,2575,1
12565,82639,0
135805,14680,0
15466,1352,0
66933,3203,0
58939,15947,1
197,4849,1
43515,43516,1
31470,1483,0
7611,11421,1
442,283,0
22767,18089,0
79799,114076,0
15370,5951,0
1662,9986,1
16301,6484,1
3958,70860,1
7789,2627,1
27265,5765,0
8972,6360,1
22629,5218,0
64546,9375,1
36482,11603,1
11243,810,0
3027,55633,0
34473,314,0
457,129122,0
23357,2658,1
53278,814,1
5190,7716,1
85873,3025,1
131,6012,1
27363,69222,1
33523,68006,0
20913,92298,0
4097,3876,1
19247,401,0
33283,5732,0
35488,6467,1
7717,97,0
4541,10645,0
58819,13894,0
31139,11483,1
38415,24018,0
1956,3104,1
